%YAML:1.0
---
K: !!opencv-matrix
   rows: 3
   cols: 3
   dt: d
   data: [ 2.3810979122521132e+02, 0., 3.2677222403607095e+02, 0.,
       2.4082912455962801e+02, 1.4240950741144476e+02, 0., 0., 1. ]
D: !!opencv-matrix
   rows: 4
   cols: 1
   dt: d
   data: [ -4.8699991880949325e-02, 5.0162502741162303e-02,
       -6.0944620177578873e-02, 2.3652435036803681e-02 ]
width: 640
height: 280
