%YAML:1.0
---
K: !!opencv-matrix
   rows: 3
   cols: 3
   dt: d
   data: [ 2.3132985592092183e+02, 0., 3.1046419978992844e+02, 0.,
       2.3404996765366195e+02, 1.3097215084710817e+02, 0., 0., 1. ]
D: !!opencv-matrix
   rows: 4
   cols: 1
   dt: d
   data: [ -8.7301634965288255e-02, 1.9441530248426672e-01,
       -2.0072749280553054e-01, 6.5498512227099737e-02 ]
width: 640
height: 280
