%YAML:1.0
---
K: !!opencv-matrix
   rows: 3
   cols: 3
   dt: d
   data: [ 4.5600082086838751e+02, 0., 6.2372890093094861e+02, 0.,
       4.5637121364367209e+02, 3.9322856004370965e+02, 0., 0., 1. ]
D: !!opencv-matrix
   rows: 4
   cols: 1
   dt: d
   data: [ -2.0447701697535930e-02, 3.3194125563603363e-02,
       -5.9941002036548625e-02, 2.8635311035726720e-02 ]
width: 1280
height: 800
